001110120220104 000020000000000000000000		
001110220220304 000020000000000000000000		
001110320220504 000020000000000000000000		
001110420220704 000020000000000000000000		
002220120220104 000025000000000000000000		
002220220220304 000025000000000000000000		
002220320220504 000025000000000000000000		
002220420220704 000025000000000000000000		
002220520220904 000025000000000000000000		
003330120220104 000015000000000000000000		
003330220220204 000015000000000000000000		
003330320220304 000015000000000000000000		
003330420220404 000015000000000000000000		
003330520220504 000015000000000000000000		
003330620220604 000015000000000000000000		
003330720220704 000015000000000000000000		
003330820220804 000015000000000000000000		
003330920220904 000015000000000000000000		
003331020221004 000015000000000000000000		
006660120220104 000035000000000000000000		
006660220220604 000035000000000000000000		
007770120220104 000060000000000000000000