120210104
20000000100001110100002000
20000000101001110200002000
20000000102002220100002500
20000000103003330100001500
120210105					
20000000104003330200001500
20000000105007770100006000
20000000106001110300001500
20000000107006660100003500
20000000108002220200002500
120210104
20000000109001110100002000
20000000110001110200002000
20000000111002220100002500
20000000112003330100001500
120220105
20000000114007770100006000
20000000115001110300001500
20000000116006660100003000
20000000117002220200002500
120220204
20000000118001110100002000
20000000119001110200002000
20000000120002220100002500
20000000121003330100001500
120220305
20000000122003330200001500
20000000124001110400000500
20000000125006660200003500
20000000126002220400002500
120220405
20000000127003330500000500
20000000128003330800001500
20000000129001110400000500
20000000130003330900001500
20000000131002220300002500
120220504
20000000132001110400000500
20000000133003330400001500
20000000134003330700001500
20000000135003330300001500
120220605
20000000136003330500001000
20000000137003331000001500
20000000138002220500002500
20000000139006660100000500
20000000140003330600001500